9245791	10352017
9245791	11381093
9245791	11401727
9245791	12615908
9245791	14517204
10352017	9245791
10352017	11381093
10352017	11401727
10352017	12615908
10352017	14517204
11381093	9245791
11381093	10352017
11381093	11401727
11381093	12615908
11381093	14517204
11401727	9245791
11401727	10352017
11401727	11381093
11401727	12615908
11401727	14517204
12615908	9245791
12615908	10352017
12615908	11381093
12615908	11401727
12615908	14517204
14517204	9245791
14517204	10352017
14517204	11381093
14517204	11401727
14517204	12615908